USH00011084 1890 -9999    -9999    -9999    -9999    -9999    -9999    -9999    -9999    -9999    -9999    -9999      170  2 -9999   
USH00011084 1891   550  2   561  2   575  2   165  2   275  2   670  2   425  2   172  2   200  2     0  2   930  2   525  2  5048   
USH00011084 1892  1245  2   440  2   256  2   160  2   380  2   780  2  1226  2  1355  2   300  2   100  2   165  2 -9999    -9999   
USH00011084 1893   535  2   608  2   465  2   380  2   730  2   345  2   425  2   645  2   345  2   635  2   487  2   487  2  6087   
USH00011084 1894   240  2  1649  2   788  2   225  2   465  2   265  2 -9999    -9999    -9999       30  2 -9999       75  2 -9999   
USH00011084 1895 -9999      150  2   400  2   400  2   400  2   400  2   300  2 -9999    -9999      200  2 -9999      300  2 -9999   
USH00011084 1896   440  2  1340  2   590  2 -9999      320  2  1100  2   935  2   185  2   140  2   500  2   340  2   225  2 -9999   
USH00011084 1897   245  2  1230  2   475  2   435  2    50  2    25  4   735  2   980  2     0  2     0  2 -9999    -9999    -9999   
USH00011084 1900 -9999    -9999      731  2   704  2   225  2  1296  2   783  2   391  2   611  2   648  2   192  2   607  2 -9999   
USH00011084 1926 -9999      553     1031      356      503      678      846a    1161     1369      348      324      354    -9999   
USH00011084 1927    99      920      501       89      225      731      444      703      437      316      560      937     5963   
USH00011084 1928   111a     804      730     1409      351      779      535      607    -9999    -9999    -9999    -9999    -9999   
USH00011084 1929 -9999     1023     1874      210  4   609     1224      389      319      510      652      765      485    -9999   
USH00011084 1930   629      138      507       91      160       99      719      256     1070      739     1003      424     5835   
USH00011084 1931   357      244      461      287      425      220      311      429      341      187       38      711     4010   
USH00011084 1932   372      408      352      126      798      317      334      665      518      575      322      406     5194   
USH00011084 1933   329      583      842      932      113      309     1427      456      227       71       59      250     5598   
USH00011084 1934   304      471      478      345      306      607      583     1363      162      818      323      257     6017   
USH00011084 1935   388      304      812      748      693      475      709      847      228       86       51      456     5796   
USH00011084 1936  1655      671      217      485      509       50     1302      652      287      210       94      461     6593   
USH00011084 1937   566      393      536      930      627      616      526      344      294      690      544      288     6354   
USH00011084 1938   433      301      298      337      251      394      783      267      202       18       90      382     3756   
USH00011084 1939   296      906      388      328      580     1259      599     1819     1228       39       80      230     7753   
USH00011084 1940   370      852      291      452      557     1278     1000      398      208       50      352     1106     6914   
USH00011084 1941   185      307      439      309       45      469      962      420      694      104      475      564     4974   
USH00011084 1942   378      649      901      291      400      810      759      828      688       76a     109      559     6450   
USH00011084 1943  1008      219      836      400      168      809      494      164      373      190      618      473     5752   
USH00011084 1944   501      460     1477     1014      551      359     1120     1199     1061       54      366      232     8395   
USH00011084 1945   534      513      248     1019      413      472     1654      170      498      199      255      736     6711   
USH00011084 1946   626      440     1156      880      945      570     1131      579      699      133      625      194     7978   
USH00011084 1947   870      167     1227      687     1243      405       91      618      512      258      959      611     7649   
USH00011084 1948   620      209     1081      436      308      272      857a     501      752      413     1381      414     7244   
USH00011084 1949   378      466      694      771      478      669     1188      797      278      283       57      326     6385   
USH00011084 1950   308      165a     659      704      218      263     1714      686      161      183       48      414     5522   
USH00011084 1951   208      162      936      340      274      493      544      452      455       98      682      494     5139   
USH00011084 1952   298e     742      682      495      708      112      307      693      422        6      159      627     5251   
USH00011084 1953   469      483b     248      662      266      374      349      443      753       19      579     1496     6141   
USH00011084 1954    94      511      445      415      120      231      494       34      250       88      166      292     3140   
USH00011084 1955   406      515       70     1252      548      354      782      809       85      346       88      139     5394   
USH00011084 1956   453      619      937      133      342      726      491      134     1124      312      119      210d    5600   
USH00011084 1957   148      274      581     1022      871      790      199      237     1221      405      663      185     6597   
USH00011084 1958   435      278      466      382      183      918      935      324      687       58      210      228     5105   
USH00011084 1959   353      664      489b     576      708      724      813      695      671      878      276      347     7196   
USH00011084 1960   558      579      314      937      653      257      879      299     1057      298      363      266     6459   
USH00011084 1961   541      943     1168      872      276      980      527      751      557       10      691      597     7912   
USH00011084 1962   427      991      747      614       18      327e     725a     367      318      244      339      576     5694   
USH00011084 1963   838      366      201      170      292b     729      814      530a     197        0      464      490     5092   
USH00011084 1964   749      420      621     1065      431      409     1291      722      203      763      501      518     7693   
USH00011084 1965   322      866      553      201       67      793      761      793      576      799      154      428     6313   
USH00011084 1966   490     1043      283      411      438      107      383      414      222      490      815      662     5759   
USH00011084 1967   629      636      150      142      307      600      537     1039      383      455      214      689     5782   
USH00011084 1968   266      308      127      204      313      494      674      494      225       50      569      834     4557   
USH00011084 1969   219      422      890      489      637      185      856      902      393      343      165     1143     6643   
USH00011084 1970   339      463      987      158      739     1548      535     1027      108      829      249      740     7723   
USH00011084 1971   413      884      589      371      328      304      676      639      529       48      252      639     5670   
USH00011084 1972   453      485      409      254      751      602      445      235      251      298      485     1495     6163   
USH00011084 1973   507      533     1224      700      445     1064      685      416      731      108      542      691     7647   
USH00011084 1974   641      632      537      409      529      356      998      330      806      141      440      297     6116   
USH00011084 1975   675      723      608f    1113      692      747     1909      831      873      471      595      569     9806   
USH00011084 1976   325      213      389      236      985      570      382      456      277      354      528      337a    5052   
USH00011084 1977   519      208     1049      186      112      626      920     1470      378      171      496      386     6522   
USH00011084 1978  1072      403      620      478     1149      841      609      389      344       18      361      543     6827   
USH00011084 1979   759     1052      506      419      380      457      898      441      385      115      579      320     6310   
USH00011084 1980   645      145     1496      789      560      719. 1   361      167      570      533      409      113     6507   
USH00011084 1981    15b    1120      461       50      525      392      796      529      184      163      202      752     5188   
USH00011084 1982   642     1219      358      444      346      557      828      583      417      217      340      670     6622   
USH00011084 1983   475      870     1025      758      323      675      261      486      474      155      451      874     6826   
USH00011084 1984   449      265      483      432      743      360      657     1295      110      230      321      240     5585   
USH00011084 1985   580      809      280      264      541      488      535      500      596      864      480a     445     6382   
USH00011084 1986   676      373      717       60      380      232      730      570  1   291      467      907      428     5832   
USH00011084 1987   670      623a     600       75      818      842      334      885      380       10      618      372     6228   
USH00011084 1988   720      561      640      230       85      293      818b     494     1767      345      342      220     6515   
USH00011084 1989   381      261      810      570     1006c    1381      883      374      617      302     1301    -9999    -9999   
USH00011084 1990   766      746     1582      515      730      220e     532c     193a     313      350      222      349     6520   
USH00011084 1991  1255      335      633      610a    1598      699      502e     405      384       30      465      263     7180   
USH00011084 1992  1066      711      375      196      153      432      521f    1041      295      312     1044      178b    6324   
USH00011084 1993   560      488      879b     335      393      257     1146      519i    1065      695      120      365     6822   
USH00011084 1994   841      340      415      588      382     1050     1037      350      486      514      330a     306d    6639   
USH00011084 1995   648      760      675      883      935      455      658     1150       90     1495      765      320     8834   
USH00011084 1996   654      460     1129      855      260      889      579      810      305      140      265      313     6660   
USH00011084 1997   516      672b     315      600      635      580e     570      326      140      325      857a     382     5918   
USH00011084 1998   855      600     1195      667      135      190      391      304     2520        5      454      300     7618   
USH00011084 1999   365      169      580      175      581      880      823      378d     461  1   369  1   238      357     5376   
USH00011084 2000   310      350      410      335      175      612c     166      402      495e      15     1074      450     4794   
USH00011084 2001   550      193     1509      461a     107      799      509b     628      202      370      250      265     5843   
USH00011084 2002   340      395      416c     175       72h     556b     718      447     1211      664      445      542a    5981   
USH00011084 2003   296      707      645      560      840d     730     1250f    1359      405h     175      440b     485     7891   
USH00011084 2004   460d     596       78      384      292     1132e     595b     588     1095      795a    1035      481     7531   
USH00011084 2005   415      254      550     1099      346      826     1070b     565     1095       10      317      357     6903   
USH00011084 2006   415      339      145      170      455      262      444      851      256      580      443      195     4557   
USH00011084 2007   658      369      205     1098      117      530      303      403      693      580      460     1017     6433   
USH00011084 2008   522      856      265      623      265      348      870     1000      253      326      420      443     6191   
USH00011084 2009   572      277     1095      685      636      365      545      697      518      490      747     1648     8276   
USH00011084 2010  1000      533      340      212      635      254      399      759      110      248      490      214     5195   
USH00011084 2011   587      410      481      146       99      499      547      118      706       20      174      526     4314   
USH00011084 2012   401      645      280      261      407a    1085      616      895      418      402      126      613     6150   
USH00011084 2013   408a    1008a     163a     417      174     1055      622      465      820      108      145      614b    5998   
USH00011084 2014   315c     529b     562     1042      990      294b     481      600      125      545      135      842     6460   
USH00012813 1917 -9999    -9999    -9999    -9999    -9999    -9999    -9999      120    -9999    -9999    -9999    -9999    -9999   
USH00012813 1918 -9999     1150       89     1112      411      369      324    -9999      422  2  1059  2   630      786  2 -9999   
USH00012813 1919 -9999      956      605      522      672      185     1344      944  2   280     1156      321  2   350    -9999   
USH00012813 1920   604      348      220      719      357      774a     902      855     1388  2   158  2   367      499  2  7191   
USH00012813 1921   106      207      582  2   486      377       73      892  2   796  2   270  2   171      362      403     4726   
USH00012813 1922   607  2   646      695  2   156     1030  2   557  2   572      788  2   414      297  2   216  2   998g    6977   
USH00012813 1923   349      427  2   646  2   310      724     1235i     847h     875e     163     1266  2   432  2   323     7598   
USH00012813 1924   801      422      228      397      448      706g     411  4   328  4   524      100       22      632  4  5019   
USH00012813 1925   674      321      139       98      482      422  4   547      131      144      522  4   632  4   469  4  4582   
USH00012813 1926   729  3   528     1212  3   411  3   245  3   860  3  1044     1008     1668  3   189      285      111     8290   
USH00012813 1927    48      462      452       96      106      576      324  3   739      448      399  3   267      936  3  4854   
USH00012813 1928    85      871      433      815      350      642      544      603      459  3   660      137      432  3  6031   
USH00012813 1929   707  3   748     1178  3   284      395     1279  3   496  3   670      862  3   671  3   848      404     8541   
USH00012813 1930   661      328      484      115      183  3   106      504      528      865      443      690  3   590     5496   
USH00012813 1931   355      189  1   557  1   255      234      467     1580      383      286  1   308  1    29      690     5333   
USH00012813 1932   386      256      224      473      924      699      398      479      561      630      199      504     5734   
USH00012813 1933   327      666      511      955      254      424     1283      341  1    97      271       90      217     5437   
USH00012813 1934   556  1   720      451  1   549      534      370      566      645      433      654  1   356      225     6059   
USH00012813 1935    97      340  1   421  1   425      969  1   314      930      730      243      195       62      543     5270   
USH00012813 1936  1366      375      406      585  1   557      293      877  1   982      472  1    58      361      451     6783   
USH00012813 1937   301      234      708     1830  1   553  1   691      244      760h     557      853      350      261  1  7342   
USH00012813 1938   430      193      189      316a     546      463     1151      408      282  1    60      170      271     4479   
USH00012813 1939   241      796      156      239     1117  1   619      595  1  1204      317       97  1   126  1   249  1  5756   
USH00012813 1940   254  1   503  1   326      578       53     1546     1891  1   465      265       88      533     1015     7517   
USH00012813 1941   163      384      687      317      216     1018     1091      575  1  1192      459      243      570     6915   
USH00012813 1942   744      831  1   803  1   285      543     1320      750  1  1037      740      240      161      854     8307   
USH00012813 1943   559      177      827      224      320  1   810      906      469  1   744       89      278      564     5967   
USH00012813 1944   485      170      959     1494      185      236  1  1142     1165     1277      157      452      223  1  7944   
USH00012813 1945   446      382      230      830      314      376     1095      558      978  1   248      161      688  1  6307   
USH00012813 1946   739      460     1619      147      774      830  1  1630i     624      642  1    43      290      197     7994   
USH00012813 1947   876      349     1713      882     1057      343       69      566  1   868  1   187     1159      706     8774   
USH00012813 1948   544      148     1378      417      511      446      447      791      859       96     1439      350     7426   
USH00012813 1949   222      596      668     1007      784      812     1818      469      789      403       37      437     8041   
USH00012813 1950   107       68      634      459      183      444      904      811      580      352      114      440     5098   
USH00012813 1951   255       98      933      837      796      935      693      704      919      117      381      391     7060   
USH00012813 1952   200      591      400      338      370      380      340      121     1105       14      234      584     4678   
USH00012813 1953   348      584      470     1019       89     1036     1001      534      583       25      692     1970     8353   
USH00012813 1954   119      193      288      114      115      328      746      124      637      302      227      388     3581   
USH00012813 1955   473      424      188      456      538      289     1507      528      394      512      117      243     5667   
USH00012813 1956   461      517a     974      237      503      832      693      274     1063      276       94      320     6243   
USH00012813 1957   156      128      515     1255      691      513      369      511     1664      136      595      298     6831   
USH00012813 1958   572      268      956      280      397      837     1019      384      869      252      362      194     6389   
USH00012813 1959   399      550      460      580      625. 1   600      657      449     1173     1330       60      240     7123   
USH00012813 1960   470      457      477      670      318      308      387     1708      648      658      113      359     6574   
USH00012813 1961   505     1438      597      520      492     1410      615      530      501      157      485      897     8148   
USH00012813 1962   514      226      396      313      240      787a     539      258a     435      293      466      390     4857   
USH00012813 1963   581      401      175      188      394      600     1095      205      149       13      368      600     4769   
USH00012813 1964   924      490      590  1  1411       92      370      719      730      270      491      556      440     7085   
USH00012813 1965   315      595      489       61       42     1543     1373     1010     1074      257       89      387     7235   
USH00012813 1966   481      937      257      245      567      234      760      852      343      384      487      492     6039   
USH00012813 1967   494      609       69      168      286      432      369      789      637      700       58      577     5187   
USH00012813 1968   250      284      198      225      270      379      695      357      419       38      383      620     4118   
USH00012813 1969   426      387      894      455      989      427     1089     1290      552      175       80      827     7591   
USH00012813 1970   431      427      718      194      286      977      193     1184      553      711      269      521     6465   
USH00012813 1971   396      672      491       48      453      282      687      639     1107        0      229      594     5599   
USH00012813 1972   506      378      711      229      780      442      656      414      101      277      464      751     5710   
USH00012813 1973   300      709      824      922      263      691      767      430     1013      128      359      707     7113   
USH00012813 1974   358      656      688      507      341      301      530      674      760       56      306      359     5536   
USH00012813 1975   627      397      683      684     1111      352     1004      870     1288      552      883      363     8814   
USH00012813 1976   180      239      995      196     1070      419      803      209      648      681      557      496     6494   
USH00012813 1977   615      187      474a     183      280       71      504      934      754      413      674      476     5565   
USH00012813 1978  1443      448      579      476     1071     1233     2367      624      398        0      376      393     9408   
USH00012813 1979   505      774      929      577      550      337      841      541      944       69      504d     196     6767   
USH00012813 1980   622      146     1160     1354      961      381      406      131      528      378      544      167     6779   
USH00012813 1981    94     1159      259      124     1189      252      505      628      111      190       81      481b    5073   
USH00012813 1982   324      958      785      291      164      753     1099b     604      230      222c     478      804     6711   
USH00012813 1983   660     1162a     938     1297a     154      659       82      608      702      553      684      551     8051   
USH00012813 1984   574      595      558      319      249      280      390a    1424b      57      178      226      170a    5020   
USH00012813 1985   508      702      506      102      785      808      801      579      601     1308      298      329     7326   
USH00012813 1986   380      472      392      333      535      554      429      501      307      589      606      462     5560   
USH00012813 1987   635      896      543       63     1235     1558      516a    1248      240       23      507      530a    7994   
USH00012813 1988   438      639      636      391       31      591a     480     1319     1611      197      444      247     7025   
USH00012813 1989    87      164      432      288      701     1852      892      217      449      228      776      522     6609   
USH00012813 1990   866     1030     1041      247      494      622      585      200      164a     288      184a     237     5959   
USH00012813 1991  1548      240      488      910     1375      586      865      674      313      228      381      287     7896   
USH00012813 1992  1308      806      290      272      240      463      504      620      145      385     1170      528     6731   
USH00012813 1993   752      429      731      255      581      338      808      757      500      531      180      473     6336   
USH00012813 1994   502      188      783      474      289      733     1094      649      146      588      371      206     6023   
USH00012813 1995   545      284     1003      671      604      453      866      961      305     1213     1163      484     8552   
USH00012813 1996   523      636     1020     1168       48      742      655      600      772      293      213      614     7284   
USH00012813 1997   588      652      376      632      792c     588     2859      124      129      488     1203      252     8684   
USH00012813 1998  1633      619      611      454       81      223      617      590     2412      172      627      535     8575   
USH00012813 1999   519       82      579       11      315      832      971      599      228      442      102      540     5221   
USH00012813 2000   295       87      412      122       65      422      321      302      954       39      734      349     4102   
USH00012813 2001   333      357      873       30       55     1378     1370     1102      466      344      178      274     6759   
USH00012813 2002   492      265      419      312      234a     340     1077      584     1477      844      569      487     7100   
USH00012813 2003   249      703      521      306      584      954     1844      520      366      269      384      413     7114   
USH00012813 2004   575      812       68      232      204     1080      473      828     1263      244     1165      557     7502   
USH00012813 2005   208      560      428     2051      708     1044     1144     1140      470       25      322      391     8491   
USH00012813 2006   263      422       39      609      344      133      534      713      526      376      370      451     4780   
USH00012813 2007   438      207       54      343      186      635      709      595      664      878      391      578     5678   
USH00012813 2008   703      488      432      549      926      332      541     1415      767      414      347      335     7249   
USH00012813 2009   216      486     1443      207      730      369      518      625      816      767      382     1352     7911   
USH00012813 2010   673      544      517      204      704      504      219     1033      633      168      473      272     5943   
USH00012813 2011   348      238      458      107       90      394     1014      196     1109       34      365      250     4606   
USH00012813 2012   299      536      221      256      749     1130      797     1104      376      283      191      437     6379   
USH00012813 2013   233      956      156      401      943      894     1667      870      194      156      416      520     7407   
USH00012813 2014   234      585      852     2701      822      867      636      197      609      246      165      510     8424   
USH00013160 1893   318. 2   556  2   233b     221  2   693. 2   368. 2   619. 2    20      266  2   121. 2   265. 2   229. 2  3909   
USH00013160 1894   258. 2   698. 2   488. 2   481  2   216  2   265  2   189  2   819  2    85. 2   296. 2    73. 2   473. 2  4341   
USH00013160 1895   669. 2   356. 2   914. 2   196      325      226      509  2   263      100      210      185      386     4339   
USH00013160 1896   642      453      611      492      587      667      401      160       62      176      322      232     4804   
USH00013160 1897   358      742      756      139       40       37       56      105       70        5  2   178      105     2591   
USH00013160 1898    82       39      215      298       10      205      404      324       66      208      709. 2   369. 2  2929   
USH00013160 1899   174      939      179      398      173. 2   169      659      282      147      171      122      613     4028   
USH00013160 1900   381      885      559      670      120      837      253      402. 2   488      630      516      344     6085   
USH00013160 1901   732      502      723      412      585       86      456      518      295       79      226      415     5029   
USH00013160 1902   759      724      980. 2   220. 2   489       27      187      309      208      513      553      767     5736   
USH00013160 1903   323. 2  1227. 2   537. 2   256      571      554      504      167      200      150       30      343a    4862   
USH00013160 1904   508  2   639      105      219      154      190      614     1110        0  2     2      130      275     3946   
USH00013160 1905   623. 2   672. 2   428. 2   390      600      145      308      534       78      440  2   118a     738     5074   
USH00013160 1906   442      285     1507       89      533      217     1248      214     1033  2   501      191      523     6782   
USH00013160 1907   206      508      376      514  2   844      413      390      382      316      117      806      784     5656   
USH00013160 1908   341      998      375      380      733  2   387      348      214       56  2   155      275      408     4670   
USH00013160 1909   199     1017      870      780      656  2   783      652      167      449  2    72      165      497  2  6307   
USH00013160 1910   325      560       65      359      407      595      854      238      254      400      209      463     4729   
USH00013160 1911   505  2   310  2   267      656      235      509      267      228      339      259      468      680     4724   
USH00013160 1912   790      640    -9999      990      274      593      505      446      431      393      159a     711    -9999   
USH00013160 1913   836      454  2   756      247      261      468      710      313      491      257       64      339     5196   
USH00013160 1914   149      431      710a     459       59      257      394     1025      288      328      347      446     4893   
USH00013160 1915   548      482      368       53      715  2   315  2   506  2   414      294      505      295a     805     5300   
USH00013160 1916   304      583      419      206      465      227     2708      221      136      123      289      420     6100   
USH00013160 1917   740      415      713      301       61      326      533      863      865      136      152       84     5189   
USH00013160 1918   872      182       57      573      245      459      428      345      561      716      501      628     5568   
USH00013160 1919   508      602      918      506      667      228      771      606       20      231      435     1050     6541   
USH00013160 1920   873      510      826      767      366      422      357      456      123       88      268     1032     6088   
USH00013160 1921   295      610      534      738       41      199      336      176      538      198      344      373     4382   
USH00013160 1922   779      678      809      530      592      417      565      191      243      214      316      502     5837   
USH00013160 1923   358      496      405      630      749      295      442      542      157      166      419      545     5204   
USH00013160 1924   805      313      247      621      376      502      333      129      193        0  2    32  2  1054     4605   
USH00013160 1925  1098      445      491      163      295      365      352      142      320      317      457      378     4823   
USH00013160 1926  1024      620      501      287      275      610      534      688      441      331      454      537     6302   
USH00013160 1927    64      783      467      120      237      378      499      416      224      112      489      574     4362   
USH00013160 1928   159      310      591     1078      219     1187      267      252      143      263      334      163     4965   
USH00013160 1929   669      990a    1839      476      552      397      275      289      623      579     1395      303     8385   
USH00013160 1930   432      158      443      169      465      161      279      638      487      129      515      307     4185   
USH00013160 1931   330      301      320      269      611      199      406      347      335       94      226      958     4396   
USH00013160 1932   985      399      365      252      326      534      547      596      326      509      390     1005     6235   
USH00013160 1933   243      677      562      609      188      281      565      322      319       83      113      239     4202   
USH00013160 1934   431      518      609      528      285      352      836      709      230      660      355      479     5991   
USH00013160 1935   351      400      611      409      345      356      408      550      187      143      309      480     4548   
USH00013160 1936  1395      881      415      676      174      137      601      736       57      160      126     1033     6391   
USH00013160 1937   905      588      494      799      648      341      353      394      277      630      385      235     6049   
USH00013160 1938   287      206      700     1661      377      584      579      363      106      123      307      202     5495   
USH00013160 1939   398      874      688      191      532      529      596     1822      319       16       83      358     6407   
USH00013160 1940   642      669      626      258      533      730     1504      361      111      222      259      609     6524   
USH00013160 1941   168      289      672      315       19      582     1187      382      252       87      263      822     5038   
USH00013160 1942   349      415      931      171      204      882      598      596      376      229      193      697     5642   
USH00013160 1943   336      141      886      617      357      318      573      429      220       95      360      335     4667   
USH00013160 1944   365      800      831      924      387      369      235      393      320       39      405      296     5363   
USH00013160 1945   356      998      535     1506      382      279      432       52      498      381      308      675     6403   
USH00013160 1946   884      584      888      201      878      575      574      620      656       96      354      224     6535   
USH00013160 1947  1320      286      515      723      757      904      488      315       77      169      980      383     6917   
USH00013160 1948   469      581     1339      306      178      426      614      666      307      136     1649      428     7099   
USH00013160 1949   548      640b     564      780      435      642      754      531      176      164       60      485     5778   
USH00013160 1950   236      521      576      338      518      278     1211      726      391      174       84      437     5490   
USH00013160 1951   375      229     1127      600      176      402      410      664      565      140      220      877     5785   
USH00013160 1952   460      402      863      292      660       46      237      378      231      165      281      657     4673   
USH00013160 1953   632      863      365      969      353      331      345      145      460       39      282      880     5664   
USH00013160 1954   240      375      443      365      131      262      254      210       38      179      340      490     3327   
USH00013160 1955   438      620      420     1060      624      493      533      635      137a     204      373      226     5763   
USH00013160 1956   158      942     1013      487      265      259      171      190      219      521      224      472     4922   
USH00013160 1957   498      265      504     1200      571      538      170       80      868      116      681      352     5843   
USH00013160 1958   292      431      636      310      236      409      902      219      465      187      337      254     4679   
USH00013160 1959   540      391      732      433      751      194      520      152      655      473      106      239     5186   
USH00013160 1960   512      355      719      199      268      496      420      393      443      377      192      191     4565   
USH00013160 1961   326     1392      897      369      212      693      283      370      320       87      281b    1927     7157   
USH00013160 1962   700      391b     462      760      148      334      606      233a     396      255      422      346     5054   
USH00013160 1963   693      301      744      497      461      630      620      247      531        0      459      487     5669   
USH00013160 1964   636      453      879     1469       55      187      403      518      591      430      332      462     6415   
USH00013160 1965   497      550      668      110      109      772     1050      465      249      543      206      360     5580   
USH00013160 1966   560     1046      445      424      425      148      157      233      329      555      476      542     5339   
USH00013160 1967   335      539      193      138      462      443      681     1133      405      258      527      707     5820   
USH00013160 1968   587      177      173      740      219      103      225      357      148      145      527      920     4320   
USH00013160 1969   461      382      480      360      587      322      316      593      368      375      130      740     5113   
USH00013160 1970   325      400      557      585      214      256      530     1210      122      611      230      595     5634   
USH00013160 1971   325      756     1160      434      383      356     1397      745      905      100      230      870     7661   
USH00013160 1972  1349      388      874      195      658      365      150      285      535      340      550      670     6359   
USH00013160 1973   637      245     1369      809      760      500      539      129      348      435      427      490     6687   
USH00013160 1974   643      570a     276      555      593      298      230      798     1006      135      282      608     5994   
USH00013160 1975   672      953      680     1160      595      531      957      562      750      605      295      490     8251   
USH00013160 1976   722      232     1588       85      690      368     1081      453      155      205      402      490     6471   
USH00013160 1977   498      500     1222      255       57      253      636      500      670      330      575      303     5798   
USH00013160 1978   732      252      362      530      690      395      230      135      345        0      250      530     4451   
USH00013160 1979   760      490      920     2200      415      335     1008       94     1030       95      527      243     8117   
USH00013160 1980   611      328     1285      612      747      415      291       75      375      470      135      215a    5559   
USH00013160 1981   142      802      694      693      248      295      500      680      260      352       80      599     5344   
USH00013160 1982   650b     880      316      946      328      383      963      255       80      465      685      537b    6489   
USH00013160 1983   382      661a     920     1063      577      390      135      365      647      295      974     1004     7412   
USH00013160 1984   420      426      547      524      460      289      660      381      105      562      528      365a    5269   
USH00013160 1985   332      568      227      305      348      416      717      560      305      375      272      289     4714   
USH00013160 1986   115      269      253       12      511      101      406      475      645      304     1737      401     5228   
USH00013160 1987   704      737      442       43      257      658      283      167      352        3      282      235     4164   
USH00013160 1988   356      237      290      416      152       61      796      237      899      546      672      387     5050   
USH00013160 1989   407      259      837      287      651      629      415      236      371      525      528      472     5618   
USH00013160 1990  1024     1029      581      344      370      333      324       37      243      340      578      339     5541   
USH00013160 1991   454      654      813      970      986      391      143      217      276      171      521      452     6047   
USH00013160 1992   410      530      181      315      126      504      317      812      306      135      827      470     4931   
USH00013160 1993   830      493      397      358      604      216      374      370      347      420      485      291     5186   
USH00013160 1994   667      536      751      332      184      731      565      373      341      379      309      540     5708   
USH00013160 1995   311      509      651      570      233      178      213      430      456      575      637      476     5238   
USH00013160 1996   794      278      913      491      190      239      375      333      353      252      422      323     4965   
USH00013160 1997   794      504      314      817      387      866      665      225      138a     398      532    -9999    -9999   
USH00013160 1998  1080      547      407      506       35      306      834      167      162       77       93      559     4775   
USH00013160 1999   878      192      698      306      357      680      246       68      184      293      154      291     4347   
USH00013160 2000   254a     155      483      346c      12      257a     233      292I 1   184      176      713      469     3575   
USH00013160 2001   614a     403      784      259      152      380      178      714      556      621      580      507     5748   
USH00013160 2002   613      382      447       51      319      474      409      211      819      818a     164c     820a    5530   
USH00013160 2003   227      771      350      692      711      659      647    -9999      113      264      577      193    -9999   
USH00013160 2004   375     1252      298      327      472      563    -9999      516      281      634      457c     438    -9999   
USH00013160 2005   390a     551      596      775      611      740     1088      606      467        6      186      391     6408   
USH00013160 2006   541      628      513      375a     582       71      268      214      106      688      346      476     4808   
USH00013160 2007   278      239       36      231       54      497      548      384      243      486      208      433     3638   
USH00013160 2008   239      816      357      385      538      276      481      657      340       50      245      581     4967   
USH00013160 2009   415      271      772      386      884b     186     1003      674    -9999      604      310      692    -9999   
USH00013160 2010   581      344      630c     296      491      158      680      311      209      212      495      222b    4630   
USH00013160 2011   586      387      856      423      142      120      259a     413     1088a      62      313      517a    5165   
USH00013160 2012   611      584      607      114      352      320      641      765      393      184      239      667g    5478   
USH00013160 2013   603      849    -9999      648      276      511      713b     250      226      259      566      694    -9999   
USH00013160 2014   190      659      642     1080      273      489      351      436       67a     245      328      845     5604   
USH00013511 1855   133  2   144  2   164  2    59  2   179  2   399  2   168  2   641  2   629  2   145  2   524  2   575  2  3761   
USH00013511 1856   352  2   260  2   616  2   395  2   523  2   637  2   191  2   275  2    58  2    44  2  1299  2   573  2  5222   
USH00013511 1857   517  2   221  2   334  2   343  2   855  2   171  2   473  2   246  2    84  2   149  2   604  2   799  2  4795   
USH00013511 1858   929  2   358  2   315  2   455  2   326  2   111  2    91  2   388  2    14  2   267  2   319  2   787  2  4360   
USH00013511 1859   429  2   633  2   700  2   627  2   196  2   265  2   720  2   393  2   552  2   156  2   195  2   479  2  5345   
USH00013511 1860   216  2   613  2    91  2   263  2   141  2   335  2   406  2  1161  2   390  2   452  2   777  2   636  2  5481   
USH00013511 1861   485  2   621  2   302  2   288  2   232  2   251  2   441  2  1318  2   179  2   231  2   387  2   258  2  4993   
USH00013511 1862   839  2   976  2   512  2   716  2   129  2   174  2    36  2   100  2   414  2    58  2    53  2   309  2  4316   
USH00013511 1863   750  2   951  2   613  2   370  2   193  2   461  2   183  2   584  2    48  2   285  2   285  2   739  2  5462   
USH00013511 1864   245  2   175  2   915  2   274  2   132  2   773  2   204  2   384  2   679  2   430  2   631  2   520  2  5362   
USH00013511 1865   485  2  1309  2   611  2   590  2   102  2   137  2   214  2   522. 2   274. 2   208. 2   294  2   844  2  5591   
USH00013511 1866   305  2   705  2   273  2   738  2   736  2   631  2   306. 2   522. 2   274. 2   213  2   441  2   378  2  5522   
USH00013511 1867   186  2   167  2   955  2   567  2   385  2   452  2   306. 2   522. 2   274. 2   192  2   277  2   511  2  4794   
USH00013511 1868   980  2   374  2   305  2   670  2 -9999    -9999    -9999    -9999    -9999    -9999    -9999    -9999    -9999   
USH00013511 1869 -9999    -9999    -9999    -9999    -9999    -9999    -9999    -9999    -9999    -9999      450 L2   590 L2 -9999   
USH00013511 1870   650 L2 -9999    -9999    -9999    -9999    -9999    -9999    -9999    -9999    -9999    -9999    -9999    -9999   
USH00013511 1884 -9999    -9999    -9999    -9999    -9999    -9999    -9999    -9999    -9999    -9999    -9999      609  2 -9999   
USH00013511 1885   894  2   333  2   292  2   317  2   588  2   400  2   251  2   223  2   184  2   137  2   732  2   533  2  4884   
USH00013511 1886  1015  2   534  2  1172  2   697  2   286  2   673  2   595  2   731  2    54  2   150  2   453  2   211  2  6570   
USH00013511 1887   332  2   490  2   104  2   258  2   337  2   429  2   309  2   345  2 -9999    -9999    -9999    -9999    -9999   
USH00013511 1888   539  2   438  2  1120  2   216  2   235  2   414  2   337  2   929  2   793  2   440  2   313  2   215  2  5990   
USH00013511 1889   540  2   206  2   152  2   662  2    61  2   337  2   452  2   298  2   191  2    37  2   413  2   219  2  3568   
USH00013511 1890   342  2 -9999      565  2   316  2   458  2   268  2   538  2   146  2   898  2    91  2 -9999      337  2 -9999   
USH00013511 1891   675  2   815  2   886  2   175  2   202  2   361  2   482  2    31  2   170  2    23  2   517  2   503  2  4840   
USH00013511 1892   756  2   286  2   564  2   196      388  2   458  2  1037      554      217       23      306      456     5241   
USH00013511 1893   242  2   846  2   336  2    88     1185  2   310  2   220  2   772  2   312  2   124      322  2   530  2  5286   
USH00013511 1894   491  2   561  2   494      332  2   144  2    74  2   290  2   737  2   346  2    65  2   103  2   538     4175   
USH00013511 1895   870      337      640      276      394  2   432      276      564      167      125      164      391     4637   
USH00013511 1896   444      466      436      564      307  2   615      239      235       35      255      293       98     3988   
USH00013511 1897   574      569      654      424      109      223      661      370       74      196      173      606     4632   
USH00013511 1898   237  2   177      199      381      188      598      456      506      263      296      582      276     4158   
USH00013511 1899   634a     617  2   674  2   274      319      239      444      189       50       87      175      602     4305   
USH00013511 1900   319     1026      462     1295      157      843      229      361      467      797      425  2   527     6907   
USH00013511 1901   434      458      522      628      609      224  2   309      563  2   402       25      259      763  2  5196   
USH00013511 1902   461      528     1249      204      491       35      201      336      383      590      289      591     5358   
USH00013511 1903   350      927      422      131     1480      584      367      409  2   117       85       54      303     5229   
USH00013511 1904   508      462      282      165      300      119  2   693  2   278       72        8      303      377     3567   
USH00013511 1905   698      721      343      421      413      291      223      921      180      440      143      756     5550   
USH00013511 1906   446      243     1383      114      469      279      505      251      687      478      196      430  2  5482   
USH00013511 1907   237      548      292      971      873  2   263      680      239      574      150      513  2   702  2  6041   
USH00013511 1908   390      585  2   431      313      655      326      459      505  2   206      174      117      309     4470   
USH00013511 1909   165  2   661      905      806      922      798  2   307      319  2   278       51  2    72      482  2  5766   
USH00013511 1910   330      384       18      220      346  2   576      841      381      151      326      236  2   401     4209   
USH00013511 1911   533      379       77      535      187      508  2   488      442      310      204      491  2   768     4921   
USH00013511 1912   528      456     1007      843      367      638      708      230      394      186       96      970     6424   
USH00013511 1913   776      561      834      267      470      360      691      287      754      115      176      359     5650   
USH00013511 1914   198      283a     340      247       70      127      535      974      546      143      364      372     4199   
USH00013511 1915   370  2   557      320  2    11      563      308      250      401      222      291      295      691     4279   
USH00013511 1916   495      301  2   234      377      517       90     1728      240  2    90       56      301      335     4764   
USH00013511 1917   900      479      752  2   450       99       56      585      280      646       85      102      220     4651   
USH00013511 1918   809      246      102      975  2   262      371      361      152      379     1587      489      531     6265   
USH00013511 1919   513      495      693      197      625      456      767      750       75      213      529      982     6296   
USH00013511 1920   757      368      796      751      352      317      888      675  2   484       74      242     1044  2  6748   
USH00013511 1921   414  2   455      647      809       27      122      376  2   400      230      163      201      260     4105   
USH00013511 1922   731      781      754  2   302      500      330      332      628        0       60      108      785     5311   
USH00013511 1923   265      599      504      706      742      257      696      482  2   115  2   247      656  2   755     6024   
USH00013511 1924   646      495      221      621      187      361      134       74      258        3       12      656     3670   
USH00013511 1925   847      465      404      124      552      183      533       80      395      458  4   372      301     4713   
USH00013511 1926   839      450c     480      297      526      271      604      922      257      118      431      641     5837   
USH00013511 1927    51      726      496      239      248      569      302      329       40       86      351      810     4248   
USH00013511 1928   106      154      467     1073      289     1101      774      225      156      394      166      132     5036   
USH00013511 1929   605      797     1349      456      745      296      270      175      454      467     1287      648     7549   
USH00013511 1930   435      211      428      167      887       98      249      251      367      171      726      286     4275   
USH00013511 1931   278      248      412      256      448      151      334      693      118      100      127      861     4026   
USH00013511 1932   719      362      628      373      430      196      631      661      677      776      365      887     6706   
USH00013511 1933   286      365b     587      856      232      152      591      161      158      214       77      361     4041   
USH00013511 1934   389      518      588      252b     438      472      749      412      242      645      569      460     5735   
USH00013511 1935   180      417      874      541      612      239      419      349       93      185      498      456     4864   
USH00013511 1936  1029     1078      358      771      194       99      631      378      284       57      241      989     6109   
USH00013511 1937  1413      620      306h     581      391      378      385      586      742      597      324      317     6640   
USH00013511 1938   406      221      574     1091      279      739      394      407       73       67      270      324     4845   
USH00013511 1939   524      810a     949      116      576      731      651      900      383       71      122      207b    6039   
USH00013511 1940   446      866      430      349      574      703      802      299      118       60      276. 1   676     5598   
USH00013511 1941   279      331      533      270       41      225      699      895      525      228      386      693     5105   
USH00013511 1942   298      469      996      128      330      422      467      793      447      128      130      844     5451   
USH00013511 1943   100      323      768      354      590      418      326       70      459       86      221      286     4000   
USH00013511 1944   337      974      906     1354      394       35      309      474      135       60      384      331     5694   
USH00013511 1945   303      658      455      865      328      138      707       17      363      312a     133      545     4823   
USH00013511 1946   652      599      473      331      661      341      583      541      475      104      362      242     5365   
USH00013511 1947  1130      186      521      911      595      533      357      134      215      225      658      465     5930   
USH00013511 1948   405      630     1342      292      462      143      454      151      387       91     1428      457     6242   
USH00013511 1949   826      656      782      168      581      293      526      654b     645      117      157      439     5845   
USH00013511 1950   260      383      535      283      523      154      673      523      322      205      222      421     4506   
USH00013511 1951   456      385     1329      425      149      536      309      113      663      209      188      662     5424   
USH00013511 1952   410      285      622      409      965       48      200      578      144       69      201      525     4457   
USH00013511 1953   480      811      501      649      402      281      861      197      246       46      312     1286     6072   
USH00013511 1954   282      276      391      464      233      131      139      150       19       74      276      466     2902   
USH00013511 1955   427      555      408      844      582      245      662      232        3      143      332      311     4745   
USH00013511 1956   203      951a     869      921      140      249      625      121      171      617      118      426     5411   
USH00013511 1957   506      369      613      619      520      405      201       41      685      152      743      415     5268   
USH00013511 1958   390      532      651      484      219      456     1272      197      202      219      216      254     5092   
USH00013511 1959   361      427      585      331      404      320      419      416      492     1084      212      255     5306   
USH00013511 1960   635      391      575      247      356      345      236      424      363      356      218      319     4465   
USH00013511 1961   280     1919     1136      354      141      550      519      884      280      102      448     1416     8030   
USH00013511 1962   708      337      398      616      109      592      386       50      551      360a     426      231     4764   
USH00013511 1963   817      340      590      488      357      689      813      226      330        0      403      444     5497   
USH00013511 1964   500      483      704     1527. 1   183      307      484  1   607  1   640  3   430  1   427      490     6781   
USH00013511 1965   513      524      514  1   312       66  1   826      477      167  1   306      199      159  1   474     4537   
USH00013511 1966   767. 1   818. 1   408  1   511      462      332      189      272      334b     280       56d     302d    4731   
USH00013511 1967   314      502      279      205      383      204      576      912      306      438  3   513  3   813. 1  5445   
USH00013511 1968   535d     135      219b     884      188      197      599      552      190       93      445     1042     5078   
USH00013511 1969   461      318      500      356b     715       64      154      251      487      407      170      476     4359   
USH00013511 1970   325      378      713      366      493     1168      270      841      207      582      180      344     5865   
USH00013511 1971   390      801     1064      389      558      415      853a     321      246      206      264      728     6235   
USH00013511 1972  1169      409      587      272      285      205      238      127      417      280      442      642     5072   
USH00013511 1973   195i     189     1163      817      733      468      999      410      365       82      452     1336     7209   
USH00013511 1974   697      407      394      874      582      538      267      482      913       77      333      437     6002   
USH00013511 1975   712      663      938     1107      287      366      881      437      198      532      291      331     6745   
USH00013511 1976   526      196     1457       66      650      146      758      409      408      219      378      433     5646   
USH00013511 1977   507      602     1222      485      124      281      559      180      369      518      462      257     5565   
USH00013511 1978   491      265      320      367      935      234      442      175      475       29      327      598     4659   
USH00013511 1979   913      593      699     1237      349      333      577      465      437      112      764      222     6703   
USH00013511 1980   550      281     1434      806      509       89      415      317      550  1   555      260       37     5803   
USH00013511 1981   194      601      797      589      345      408      243      601       74      520       75      692     5139   
USH00013511 1982   783      741      240      539      355      358      636      279       96      141      581      813     5561   
USH00013511 1983   422     1249      741     1170      878      550      131      123      800    -9999      727      638    -9999   
USH00013511 1984   337      433      483      564      596       94      549      487       58      979      398      211     5189   
USH00013511 1985   396      585      235      489      329      195     1103      448      212      541      171      381     5088   
USH00013511 1986   131      283      326       67      816      107      396      191      152      414     1470      397     4750   
USH00013511 1987   908      793      342       59      567      602      331      298      368       20      424      320     5034   
USH00013511 1988   686      380      281      439      125       66      840      256      617      301      607      496     5093   
USH00013511 1989   303      254      730      266      521      644      914      116      518      133      427      616     5441   
USH00013511 1990  1078     1272      543      555      334      326      338      435      112      151      404      589     6136   
USH00013511 1991   528      550      613      689     1030      386      224      586      348      169      511      398     6030   
USH00013511 1992   608      621      344      452       81      310      710      429      650      121      551      557     5434   
USH00013511 1993   962a     412      707      367      234      142      154      701      748      441      255      532     5655   
USH00013511 1994   667      398      936      383      317      815      557      246      497      501      285      393     5995   
USH00013511 1995   313      609      511      743      481      254      211      515      251     1000      375      465     5726   
USH00013511 1996   574      335      772      430      117      300     1069      320      403      258      189      261     5028   
USH00013511 1997   434      893      409      758      567      869      478      126      253      666      451      446     6352   
USH00013511 1998  1021      881      288      383      255      364      914      147      784      311      436      257     6043   
USH00013511 1999   961      251      480      154      280     1025      247      120      188      402    -9999      459    -9999   
USH00013511 2000   642      143      661      474      324      266      120      403      338       99      917      339     4726   
USH00013511 2001   501      614      707      471      367      335       76      549      384      447      610      487     5548   
USH00013511 2002   517      307      369      169      118      343      289      238      724      428      581      588     4670   
USH00013511 2003   188      744      358      840      943      446      416      401      304      253      560      164     5618   
USH00013511 2004   275      656      194      135      302    -9999      358      403      375      200      850      331    -9999   
USH00013511 2005   309      304      493      902      550    -9999      752       78b     550       10      187    -9999    -9999   
USH00013511 2006   382      593      373      200      293      218      148      375      181      348      455      692     4257   
USH00013511 2007   410      444       64      271       72      352      513      275      334      332      116      372     3557   
USH00013511 2008   396      902      339      370      552      123       64      890      111      103      169      370     4389   
USH00013511 2009   418      273      954      624      789      243      465      536    -9999    -9999    -9999    -9999    -9999   
USH00013511 2010   379      263      446      356     1176       39      270      230      105      190      582      306     4340   
USH00013511 2011   320      341      814      560      223      162      574       39      724       49      434      434     4674   
USH00013511 2012   780a     363      726      165      493      210      131g   -9999    -9999    -9999    -9999    -9999    -9999   
USH00013511 2013 -9999    -9999      376b     115i     213h     367b     613b     122d     130b     133d     186b     263i   -9999   
USH00013511 2014   147d     240e     240d     318h     131b     589      317      136a     131      179d     431a     716a    3576   
USH00013816 1892  1364. 2   288. 2  1116. 2    88. 2   286      303      919  2   604  2   212       86      229      375     5870   
USH00013816 1893   478a     516      381      364      654      493  2   618  2   912  2   395  2   290. 2   316  2   285  2  5703   
USH00013816 1894   192  2   757  2   426  2   429  2    75  2   182  2   619  2   476  2   101  2   615  2    38  2   555     4466   
USH00013816 1895   719      240      974      206  2   419  2   908      273     1081       28      217       54      337     5456   
USH00013816 1896   363      579      491      393      270      411  2   673       84       50      321      532      200     4368   
USH00013816 1897   175      632  2   812  2   407       20      157      281      802      124      174       50      256     3889   
USH00013816 1898   206  2   289      261      434      177      509      541      981  2   240      290      702      523     5153   
USH00013816 1899   605      498      321      105  2   115      405      794      370       62      258      101      341     3977   
USH00013816 1900   239     1128a     680      787      134      636      228      632      273      436      322      370     5865   
USH00013816 1901   479      599      714      548      553. 2   476      480      492      283       43      153      938. 2  5758   
USH00013816 1902   263     1029      767      190      183       33      139      306      312      242      480      734     4677   
USH00013816 1903   217      957      529      220      662      575      535      328  2   164      146      368      387     5088   
USH00013816 1904   488      652      420      199      196      352      575  2   502       74        0      281      377. 2  4117   
USH00013816 1905   433. 2   695      350      215      399  2   321      535      453. 2   148      316      227      588  2  4680   
USH00013816 1906   346      346      672       52      575      283      708  2   145     1011      138      310      408     4995   
USH00013816 1907   175      380      372  2   619  2   781      274      443      342      423      252      910     1050     6021   
USH00013816 1908   674      247      582      796  2   528      280      872       61      348      191      160      143     4883   
USH00013816 1909    92      617  2   770      606      587     1219      394      267      186      140  2 -9999      571    -9999   
USH00013816 1910   272      639      104      443      261      630      794      197       76      390      375      317     4498   
USH00013816 1911   352      216      168      852      409      521      629      389      598      223      370  2   632     5358   
USH00013816 1912   830      606     1104     1038      162      660      224  2   684      422      224      359      700  2  7011   
USH00013816 1913   624      544     1949      178      265  2   376      841      236      837      194      108  2   241     6393   
USH00013816 1914   261      411      331      312  2   219      102      292      744      412      333      499      340     4257   
USH00013816 1915   833      478      326       35      673      465      294  2   618      643      554      162      554     5636   
USH00013816 1916   183      432      325      278      393      269     1233i     486      143      373      303      374     4792   
USH00013816 1917   528      627      777  2   272      361      240      701      799      977       96      127      160     5666   
USH00013816 1918   626      174      154      580      107      337      310      518  2   509      754      581      760     5409   
USH00013816 1919   536      848      805      309      528      292      832  2   566       46      390      560      569     6280   
USH00013816 1920   583  2   391      810  2   791      295      299      326  2   369      118      120      411      538     5051   
USH00013816 1921   216      656      382      842      125      191      569      255      178      214      607      443     4678   
USH00013816 1922   760      542     1049  2   197      879      135      509      204      109      254      101      621  2  5361   
USH00013816 1923   363      574      800      394      552      710      416      609a      37      231      532      355     5574   
USH00013816 1924   634      591      295  4   462      437      461      465      422      267       23       26      969  4  5051   
USH00013816 1925  1324      273      186      141       68       78      457      293      193      694      294      323     4325   
USH00013816 1926   867  4   381      748      202      397      472      716  4   478     1097      146      400      398     6302   
USH00013816 1927    78      664      375  4   118       65      630      703      264      118       79      231     1021     4345   
USH00013816 1928   100      370      535     1016      207      991      528      260      181      307      195      280     4972   
USH00013816 1929   551     1018     1738      473      392      492      302      109      498      748     1177      489     7987   
USH00013816 1930   490      323      730      122  4   176      180      530  4   250. 4   638      261      800      214     4713   
USH00013816 1931   281      536      488      497      693       29      663      474  1    49      195      141      850     4895   
USH00013816 1932   687      490      302      359      592      897      425      601      258      344  1   194      675     5824   
USH00013816 1933   331      669     1046      501      147      345      480      314      319      335       23      252     4762   
USH00013816 1934   286  1   622      637      282      492      380      520      967      156      779  1   377      274     5772   
USH00013816 1935   199      393  1   845      711      330      491      731  1   613      198       20      184      496     5211   
USH00013816 1936  1524      834      181      560       63      288      976      479       94      108      206      727     6042   
USH00013816 1937   464      510      475      926      441      198      162     1478      225      522      634      306     6341   
USH00013816 1938   300      170      447      876      331      235     1278      333      221        2      224      311     4728   
USH00013816 1939   454     1137      370      277      301      895      696     1605      377        0  1    56      392     6561   
USH00013816 1940   543      824      540      410      499     1296      702      139      105       59      394     1150     6661   
USH00013816 1941   497      540      398      168       92      398      628      452      324        0      192      915     4604   
USH00013816 1942   403  1   481      790      318  1   334      885     1234      504      311       99       53      545     5959   
USH00013816 1943  1063       98     1625      134      513      524      372      635      182       51  1   671      532     6399   
USH00013816 1944   420      730     1409     1169      327      203      535      879      637       21      341      307  1  6978   
USH00013816 1945   495      422      176      865      210      284      917      367      519      331      231      832     5649   
USH00013816 1946   935      501     1170      211      861      907      792      551  1   750      134      683      242     7738   
USH00013816 1947   867      110      763      792      530      789      494      371       82       89      968  1   691     6545   
USH00013816 1948   524      454     1281  1   320      160      538      866      401      223      207b    1165f     214c    6353   
USH00013816 1949   214c     501b     381c     199c     319b     632a     841      442       82      110       40      331     4092   
USH00013816 1950   171      203      594      962      372      291     1095      374      355       89      180a     522a    5208   
USH00013816 1951   387      302      385      478      162      402      419      165      379       72      398      535     4084   
USH00013816 1952   383      435      815      382     1096      145      239      533      186       45       84      555     4898   
USH00013816 1953   505      715      181b     773a     328      611      639      315      885       92      270     1164     6478   
USH00013816 1954   135      456      426      239a     147      116      481      120       18       62       35c     229a    2464   
USH00013816 1955   485. 1    35e      60      482a     464a     390     1128      190       80      120      208      111     3753   
USH00013816 1956   235      585c     744b      90c     250      177b     352      141      122b     220       10      364     3289   
USH00013816 1957   200      145      250b     775      315      667      327      111      297e     149      713      166b    4116   
USH00013816 1958   418      501a     640      480      253      503      639       91      191       60      194      248     4218   
USH00013816 1959   215b     416     1019      155b     448      409      498      174     1102     1143      222      299     6101   
USH00013816 1960   630. 1   481     1347      675      446      215      415      583      507      246      201      163b    5908   
USH00013816 1961   298d    1378     1067      446b     299      796      405      657      313       16      622     1057     7356   
USH00013816 1962   589      358      622      567       15      302e     764      415      345b     115b      52e     246b    4391   
USH00013816 1963   560b     285      401      277      243      272c     387      613f     362. 1     0      359      492     4252   
USH00013816 1964   647      506      476     1400      362      312      826      291      364      530      301      513     6528   
USH00013816 1965   555      759      553      107      147      348      699      553      306      785      210      443     5464   
USH00013816 1966   654     1019      370      250      369      198      396      551      324      280      460      545     5417   
USH00013816 1967   441      318      396       90      707      344      524      344b     232      335      239      520     4491   
USH00013816 1968   358      204      396      378      531      350      500      247      189       63      476      651     4344   
USH00013816 1969   187      377      698      426      794      320      390      674      704      196      128      605     5499   
USH00013816 1970   341      494      681      160      733     1094      191      302      113      628      154      534     5427   
USH00013816 1971   471      640     1041      563      471      122      774      318      378       17      194      814     5805   
USH00013816 1972   613      352      651      111      385      658      384      261       71      266      444      906     5102   
USH00013816 1973   330b     656     1384      834      680      474      641      353      258        0      462      608     6679   
USH00013816 1974   542      455      394      550      362      342      352      451      482      107      348      362     4746   
USH00013816 1975   706. 1  1078      789      713      491      532     1060      542     1319      676      463      581     8948   
USH00013816 1976   427      232      935      272      961      548      534      279      457      306      699      443     6094   
USH00013816 1977   520      283      983      123      161      213. 1   524      441      666      202      447      313     4875   
USH00013816 1978  1049      227      397      558      800      532      120      568      287       19      402      227     5187   
USH00013816 1979   865      812      695      989      398      391      665      484      543       65      441      346     6693   
USH00013816 1980   484      120     1080      786      574      276      323      189      181c     417      204      173     4806   
USH00013816 1981    92      730      558      276      330      309      426      666      169      185b     208      786     4735   
USH00013816 1982   473      915      313      626      738      269      335g     429a     279    -9999      485      611    -9999   
USH00013816 1983   346      839      859      652      309     1290      260      294      746      120    -9999      640    -9999   
USH00013816 1984 -9999      441a     292      255      384a     239      536      828       50      161      287      330    -9999   
USH00013816 1985   448      740      311      165      453      304      584      363      393      490      539      326     5116   
USH00013816 1986   342      449      856d      43      387      426      376      737      541      206      826      278     5467   
USH00013816 1987   438      857      455       67      409      447      231      419      123        3b     410      288     4147   
USH00013816 1988 -9999    -9999    -9999      426b     119      169      393b     151      978      308      433      203    -9999   
USH00013816 1989   169      311      550b     662b     251b    1181a     575d     116a     389      307      763      595     5870   
USH00013816 1990   630      709     1353      447      507      163      268      361      101      211      177      451     5378   
USH00013816 1991   898      228      893      543      625      288c     294f     350      281       96      408      346     5251   
USH00013816 1992   924      737      325      258      327      712      574      769      183c     290     1180      606     6885   
USH00013816 1993   489      382      844      260      232      234      199      572      198c     380      416      523a    4729   
USH00013816 1994   520      359      556      326      234      726     1079      478      231      520      280      306     5614   
USH00013816 1995   562      519      520      356      271      634      200      813    -9999     1213      436      426    -9999   
USH00013816 1996   779      617      806      581      115d     208      655      512      378c      60      299      371     5380   
USH00013816 1997   760      757      405      811      167I 1   769a     491       89a     146      380     1188      748     6711   
USH00013816 1998   577      919      560      485      101      348      613      245     1158      263      248       64c    5580   
USH00013816 1999   613h     171      503      237      526      894      705      566       50c     328       73      264     4932   
USH00013816 2000   385      162      578      182       44      430      203      271      545c      53      722      766     4341   
USH00013816 2001   433      324     1415      387      135      765      192      518      297c     238      347      210     5261   
USH00013816 2002   321a     150      564      192      315      425      607      265      459      757      569      457     5083   
USH00013816 2003   192      536      544      780      810     1147     1104      487      533c     102      472      435     7143   
USH00013816 2004   319      653       50      192      189      972      288      591     1185      335      626c     204d    5604   
USH00013816 2005   274      379      531b     916      249      448      848      954      360c     144      619      293     6014   
USH00013816 2006   456      467      237      216      645      225      422      199b     293b     568      538      240     4506   
USH00013816 2007   481      234      225      411       34c     243      444      370      386d     385      475      520     4208   
USH00013816 2008   598      706      364e     377      220a      83b     295i    1490b      67b     444      394b     523a    5561   
USH00013816 2009   376      177     1056b     513      488a     608      616g     530e     397c     425c   -9999    -9999    -9999   
USH00013816 2010   875c     300      702       65c     457b     242       45i     342c     327d     261      437      291c    4343   
USH00013816 2011   420      575c     737d     174c     130b     305e     423h      40a     420c     172      327      416g    4140   
USH00013816 2012   305      580      590a     237      306h   -9999    -9999    -9999    -9999    -9999    -9999    -9999    -9999   
USH00015749 1940 -9999    -9999    -9999    -9999    -9999    -9999    -9999    -9999    -9999    -9999    -9999      262    -9999   
USH00015749 1941   239       54      280      352       16      215      789      159       46      322      274      370     3118   
USH00015749 1942   201      435      461      179       72      157      116      650      538      249       76      727     3861   
USH00015749 1943   260      172      533      130      288      196      318      285      382       33      166      330     3094   
USH00015749 1944   270      917      682      306      263       43      335      321  1    80d       2      406      742     4366   
USH00015749 1945   270      985      513      298      361      224      223      184      198      136      594      548     4536   
USH00015749 1946   950      881      500      365      561      208      572      337      347      165      604      408     5898   
USH00015749 1947   744      201      429      494      308      364      106      408       73      209      596      284     4219   
USH00015749 1948   364     1365      723      158      357      284      624       35      484      123     1139      449     6105   
USH00015749 1949  1086      317      422      179      263      626      594      570      268      501       16      365     5207   
USH00015749 1950  1310      789      699      401      362      407      636      811      138       76      393      318     6341   
USH00015749 1951   993      252      847      421       64      446      208       53      328      213      326     1011     5163   
USH00015749 1952   757      390      567      133      272      111      167      598      232      178      348      366     4119   
USH00015749 1953   617      912      500      725      303      125      467       67      307       18       64      518     4623   
USH00015749 1954   852      422      183      469      356      156      142       85      154      288      267      700     4076   
USH00015749 1955   326      734      939      595      556      237      598       43       49      153      234      398     4861   
USH00015749 1956   276      773      312      923       52      291      396      275      103      332       94      739     4567   
USH00015749 1957  1065      470      326      313      237      339      415      201      450      279      742      393     5230   
USH00015749 1958   254      320      326      728      426      476     1017      198      492      106      270       83     4696   
USH00015749 1959   376      363      402      518      385      202      326      334b     231      399      349      614     4499   
USH00015749 1960   511      285      641      187      295      410      132      179      472      459      390      356     4317   
USH00015749 1961   120      602      974      228      372      406      319      428        7      218      599     1100     5374   
USH00015749 1962   727      676      524      452      141      553      354      234      476      145      259      273     4815   
USH00015749 1963   217      202      813      450      445      524      389      125       29        0      310      510     4013   
USH00015749 1964   509      544      806      726      383      117      348      355      331      443      361      520     5443   
USH00015749 1965   276      492      847      530      243      429      406      428      354       39      109      126     4280   
USH00015749 1966   515      468      146      376      529      300      434      343      372      139      241      674     4536   
USH00015749 1967   178      363      135      413      913      175      659      717      209      324      407      739     5233   
USH00015749 1968   583      108      586      353      800      152      307      316      504      149      311      512     4682   
USH00015749 1969   397      522      365      582      333      427      725      645      280      435      363     1216     6291   
USH00015749 1970   319      343      602     1102      631      313      227      344      437      600      207      478     5605   
USH00015749 1971   580      782      417      458      596      272      468      421      489      140      189      696     5507   
USH00015749 1972   630      279      501      258      319      477     1220      228      532      533      517      720     6214   
USH00015749 1973   578      435     1391      504      374      744      415      293      154      369      645      521     6424   
USH00015749 1974  1177      488      440      270      694      411      385      267      733      158      440      684     6147   
USH00015749 1975   537      390     1330      345      491      380     1440      525      916      783      417      327     7881   
USH00015749 1976   325      418      634       81      476      533      253      365      257      652      235      358     4587   
USH00015749 1977   298      326      859      598      264      493       93      307      682      385      915      229     5448   
USH00015749 1978   411       52      456      308      834      339      280      122      282       40      424      748     4296   
USH00015749 1979   667      357      368      621      416      458      891      678     1013      256      795      224     6745   
USH00015749 1980   451      147     1425      452      802      283      304       23      575      214      429       65     5170   
USH00015749 1981   145      403      370      239      365      535      607      657      133      311      398      185     4347   
USH00015749 1982   746      408      330      513      299      263      488      437      233      144      515      960     5335   
USH00015749 1983   257      520      530     1281     1187      448      207      113      243      147      639     1016     6587   
USH00015749 1984   264      363      501      437      851      208      300      119       17      824      637      217     4741   
USH00015749 1985   313      468      222      422      363      392      309      620      360      448      206      154     4277   
USH00015749 1986    60      380      320       36      670      569      254      391      634      590     1106      625     5635   
USH00015749 1987   352      669      242      152      118      298      248       30      530       84      591      606     3919   
USH00015749 1988   251      193      359      344      154      103      419      124      597      471      610      577     4204   
USH00015749 1989   863      894      569      351      560     1343      720      216      733      108      353      348     7060   
USH00015749 1990   694     1072      647      360      680      280      293       15      139      456      340     1920     6895   
USH00015749 1991   305     1074      939     1072     1114      178      204      463      313      152      627     1276     7719   
USH00015749 1992   234      306      664      206      285     1167      414      325      480      231      467      507     5286   
USH00015749 1993   420      250      569      403      476      283      192      500      670      163      230      488     4645   
USH00015749 1994   672      627     1048      430      764      861      802      259      289      546      500      406     7204   
USH00015749 1995   606      313      359      572f   -9999    -9999    -9999    -9999    -9999    -9999    -9999    -9999    -9999   
USH00015749 1998 -9999    -9999    -9999      699      157      430      594      227      152      224      209      815    -9999   
USH00015749 1999   847      265      640      361      499      723      300       98      213      105      590      256     4897   
USH00015749 2000   440      217      393      807      182      370      492       43a      80        0      654      410     4087   
USH00015749 2001   531      652      426      484      545      693      343      524      367      458      302      515     5840   
USH00015749 2002   782      198      754      128      550      321      552      298      654      498      332      591     5657   
USH00015749 2003   141      686      306      353      561      489      487      381      448      185      435      283     4756   
USH00015749 2004   307      766      528      264      495      883      716      489      604      555      705      788     7100   
USH00015749 2005   348      468      216      481       82      489      271      553      371        1      328      467     4076   
USH00015749 2006   753      304      241      603      441      348      320      296      434      383      516      348     4987   
USH00015749 2007   322      141      149      250      145      112      765      326      372      503      331      318     3733   
USH00015749 2008   229      266      414      406      684      229      131      433       86      272      275     1054     4478   
USH00015749 2009   241      400      619      453      621      327      687      213      770      926      173      444     5874   
USH00015749 2010   497      331      389      190      744      375      350      218      291      287      538      207     4418   
USH00015749 2011   327      208      697      916      300      721      424      612      709      174      387      665     6141   
USH00015749 2012   687      280      285       90      428      151      637      231      572      240      156      543     4298   
USH00015749 2013   874      277      477      450      411      469      757      570      246      181      329      478     5519   
USH00015749 2014   171      400      261      660      211      747      502      393      271      694      429      512     5250   
USH00017157 1907 -9999    -9999    -9999    -9999    -9999    -9999    -9999      220      648      177      401      373    -9999   
USH00017157 1908   663      693      586      405      711      204      470      443      159      154      176      986     5651   
USH00017157 1909   474      890     1023      801      411      951      207      123      354      223      131      501     6091   
